2212.04088
2302.00763
2303.09031
2303.14100
2305.16986
2305.19352
2306.06770
2307.02485
2307.06082
2307.06135
2308.05295
2308.10141
2309.07726
2309.09182
2309.11382
2309.15943
2310.07889
2310.08582
2310.08588
2310.10021
2310.15127
2311.00967
2311.15649
2311.16714
2312.08566
2401.00125
2401.07314
2403.07376
2403.11075
2403.12482
2404.00756
2404.14285
2404.15190
2404.19065
2405.10620
2406.01587
2406.11818
2406.14596
2407.09792
2407.10031
2408.04168
2408.05802
2408.16090
2409.03256
2409.08410
2409.09536
2409.11279
2409.14908
2409.15658
2410.01440
2410.02742
2410.18893
2410.22662
2411.04679
2411.08579
2412.11499
2412.17288
2502.11227
2502.20742
2503.00870
2503.01007
2503.06866
2503.09035
2503.10480
2503.12333
2503.13966
2503.15108
2503.17703
2503.21696
2504.00775
2504.00907
2505.00831
2505.06513
2505.07500
2505.19905
2505.22050
2505.22503
2506.01551
2506.07232
2506.16493
2506.19592
2506.20097
2506.21230
2506.21669
2507.01378
2507.05135
2507.06016
2507.10500
2507.15782
2508.01917
2508.07606
2508.11286
2509.08222
2509.17116
2509.24230
2509.26375
2510.16767
2511.02424
2511.20351
2511.21460
2512.18571
2601.03398
2601.10744
2601.18492
2601.20831
2601.22647
2601.22974
2602.04129
2602.04326
2602.06038
2602.08373
2602.10891
2602.14438
2602.15724
2602.16173
2602.21670
2603.16673
2603.18271
2603.22866
2603.23909
2603.24018
2603.27583
2603.28386
2604.07774
2604.07833
2604.16993
2604.19839
2604.24039
2604.27699
2605.04327
2605.05407
2605.07594
2605.08330
2605.09341
2605.09387
2605.09487
2605.10332
2605.11859
2605.14504
2605.15486
2605.18729
2605.25851
2605.26256
2606.04046
2606.18519
2606.28182
2606.31339
2607.00255
2607.06724
2607.09603
2607.10350
2607.11529
2607.16247
2607.18604
2608.00613
2608.01652
2608.04309
2608.04933
2608.07905
2608.08523
2608.08884
2608.15175
2608.16447
2608.16794
2608.28437
2608.30760
2609.05133
2609.11737
2609.18058
2609.18669
2609.19315
2609.23841
2609.24631
2609.29212
2609.30523
2609.34268
2609.35463
2609.35965
2610.01569
2610.07649
