2601.00555
2601.01872
2601.03956
2601.05336
2601.08405
2601.08412
2601.08454
2601.10796
2601.11063
2601.11906
2601.13096
2601.13556
2601.13809
2601.14091
2601.14681
2601.15164
2601.17287
2601.18765
2601.19510
2601.20577
2601.21506
2602.01041
2602.01226
2602.01662
2602.01870
2602.01880
2602.02839
2602.04419
2602.04672
2602.05273
2602.05467
2602.05552
2602.06967
2602.07434
2602.08421
2602.09367
2602.09430
2602.09472
2602.10399
2602.11978
2602.12065
2602.12159
2602.13081
2602.13086
2602.13212
2602.13591
2602.14551
2602.15549
2602.16444
2602.16898
2602.18374
2602.18941
2602.19304
2602.19372
2602.20055
2602.20219
2602.21161
2602.21198
2602.23719
2603.00455
2603.01113
2603.01477
2603.01505
2603.02553
2603.02623
2603.02669
2603.02772
2603.03024
2603.03148
2603.03278
2603.03640
2603.03897
2603.04466
2603.04560
2603.05185
2603.05511
2603.05574
2603.05621
2603.05757
2603.06084
2603.06842
2603.06914
2603.07824
2603.07892
2603.07997
2603.08383
2603.08814
2603.09971
2603.10616
2603.11080
2603.11351
2603.11461
2603.11811
2603.12510
2603.12939
2603.13313
2603.14236
2603.14393
2603.14786
2603.15134
2603.16809
2603.16860
2603.16947
2603.17351
2603.17510
2603.18495
2603.18520
2603.20164
2603.20659
2603.20827
2603.21013
2603.21523
2603.21723
2603.22169
2603.22796
2603.22903
2603.23271
2603.23950
2603.24060
2603.25353
2603.26997
2603.27306
2603.27416
2603.28156
2603.28561
2603.30022
2604.00628
2604.01463
2604.01708
2604.02318
2604.02786
2604.02812
2604.03139
2604.04664
2604.05226
2604.05320
2604.05484
2604.05978
2604.07039
2604.07799
2604.08410
2604.08664
2604.09036
2604.10929
2604.11320
2604.11674
2604.12486
2604.13504
2604.13533
2604.13800
2604.13942
2604.15671
2604.16298
2604.16331
2604.17142
2604.17176
2604.19034
2604.20193
2604.20468
2604.21138
2604.22199
2604.22238
2604.25323
2604.26839
2604.26988
2605.00943
2605.01461
2605.01477
2605.02525
2605.02600
2605.03408
2605.03788
2605.04585
2605.07306
2605.07877
2605.09423
2605.09494
2605.09954
2605.11665
2605.13782
2605.14700
2605.18407
2605.19600
2605.21133
2605.22896
2605.25832
2605.26239
2605.27582
2605.27643
2605.29378
2605.30719
2605.30740
2605.31460
2606.00053
2606.00095
2606.00104
2606.00985
2606.03047
2606.03509
2606.03963
2606.04111
2606.04226
2606.05395
2606.06061
2606.06139
2606.07723
2606.07999
2606.08169
2606.08214
2606.08405
2606.08992
2606.09630
2606.10808
2606.10927
2606.11151
2606.12299
2606.12550
2606.12910
2606.13049
2606.14882
2606.15255
2606.16491
2606.17510
2606.18235
2606.18747
2606.19340
2606.19897
2606.20120
2606.20394
2606.22142
2606.22319
2606.23157
2606.23280
2606.23565
2606.24815
2606.24884
2606.25206
2606.25497
2606.25629
2606.27036
2606.27251
2606.28237
2606.28397
2606.29774
2606.29871
2606.30111
2606.30151
2606.30404
2606.30613
2606.30696
2606.31158
2606.31200
2606.31763
2606.31909
2607.01287
2607.01721
2607.03449
2607.04162
2607.04880
2607.05369
2607.05482
2607.06501
2607.06990
2607.07403
2607.07459
2607.08024
2607.08837
2607.09716
2607.09962
2607.10986
2607.10991
2607.11377
2607.12050
2607.12220
2607.13653
2607.13818
2607.14047
2607.15674
2607.16636
2607.17769
2607.17951
2607.18060
2607.18362
2607.18580
2607.19288
2607.19633
2607.21227
2607.22226
2607.22832
2607.22999
2607.23515
2607.23784
2607.26809
2607.27597
2607.27599
2607.27690
2607.27881
2607.29009
2608.00775
2608.03387
2608.03924
2608.04768
2608.07154
2608.07542
2608.07555
2608.08183
2608.09196
2608.09410
2608.09516
2608.09816
2608.09857
2608.13605
2608.14944
2608.15549
2608.16686
2608.16889
2608.16978
2608.17146
2608.17512
2608.17584
2608.18227
2608.18292
2608.18827
2608.18840
2608.19281
2608.19661
2608.19729
2608.19891
2608.20084
2608.21031
2608.21387
2608.21417
2608.22093
2608.22149
2608.22296
2608.22657
2608.23354
2608.24212
2608.25641
2608.26053
2608.27225
2608.28075
2608.28300
2608.28305
2608.29078
2608.29114
2608.29379
2608.29896
2608.30396
2608.30821
2608.30983
2608.31167
2609.01281
2609.02653
2609.03621
2609.04564
2609.05985
2609.06476
2609.07111
2609.08123
2609.08444
2609.11225
2609.11308
2609.12285
2609.13083
2609.13335
2609.14297
2609.14543
2609.14633
2609.14928
2609.16331
2609.16346
2609.17771
2609.18520
2609.18620
2609.18869
2609.19138
2609.19347
2609.19413
2609.19824
2609.19906
2609.19974
2609.20056
2609.20388
2609.20582
2609.20791
2609.20822
2609.21319
2609.21716
2609.22966
2609.23103
2609.23113
2609.23414
2609.23992
2609.24145
2609.24563
2609.25666
2609.25756
2609.26084
2609.26360
2609.26408
2609.26499
2609.27340
2609.27612
2609.27816
2609.28296
2609.28314
2609.28530
2609.28798
2609.29043
2609.29091
2609.29166
2609.29389
2609.29394
2609.29964
2609.30024
2609.30233
2609.30249
2609.30428
2609.30543
2609.30554
2609.30594
2609.30971
2609.31112
2609.31211
2609.31337
2609.31760
2609.32394
2609.32416
2609.32576
2609.32595
2609.32803
2609.32862
2609.33423
2609.33872
2609.33982
2609.34261
2609.34270
2609.34276
2609.34412
2609.34554
2609.34707
2609.35047
2609.35318
2609.35432
2609.35575
2609.35690
2609.36595
2609.36808
2609.37067
2609.37359
2609.37519
2609.37554
2609.37583
2609.37681
2609.37810
2609.37922
2609.38078
2609.38178
2609.38905
2609.38966
2609.39304
2609.39384
2609.39579
2609.39915
2609.40306
2610.01093
2610.01178
2610.01652
2610.01863
2610.02161
2610.02196
2610.02274
2610.02717
2610.03476
2610.03622
2610.04301
2610.04916
2610.04929
2610.05151
2610.05964
2610.06843
2610.06955
2610.06999
2610.07081
2610.07621
2610.07652
2610.08344
2610.08432
2610.08784
2610.08862
2610.08933
2610.09588
2610.09764
2610.10498
