2206.08896
2209.09874
2210.01287
2210.05714
2211.09935
2302.05324
2302.07931
2302.11649
2302.12927
2303.00855
2303.06247
2303.08268
2304.02251
2304.03893
2304.09349
2304.11018
2304.11477
2304.12529
2304.13676
2304.14391
2305.10455
2305.10626
2305.11176
2305.16744
2305.17590
2305.18898
2306.07580
2306.08651
2306.09523
2306.10322
2306.10376
2306.10985
2306.17840
2307.01848
2307.06924
2307.09668
2307.11319
2307.11865
2308.03357
2308.06810
2308.07997
2308.12682
2308.13724
2308.14972
2308.15962
2309.02721
2309.06687
2309.09181
2309.10092
2309.11359
2309.12089
2309.14321
2309.14425
2309.14945
2309.15821
2309.16031
2309.16052
2309.16426
2310.00163
2310.02264
2310.05239
2310.06226
2310.06303
2310.07263
2310.07968
2310.10645
2310.11604
2310.13065
2310.14092
2310.17019
2310.18308
2311.01403
2311.02787
2311.05596
2311.08244
2311.12015
2311.15033
2311.17406
2312.01307
2312.06408
2312.06571
2312.06876
2312.07062
2312.09067
2312.09245
2312.09348
2401.02695
2401.04157
2401.07868
2401.08089
2401.09388
2401.11838
2401.13462
2401.14673
2401.15174
2401.16205
2402.00044
2402.00290
2402.03699
2402.03703
2402.05188
2402.06529
2402.07418
2402.08212
2402.08546
2402.10670
2402.10778
2402.11450
2402.11498
2402.14299
2402.14623
2402.15368
2402.15487
2402.16117
2402.18759
2402.18796
2402.19166
2403.06420
2403.08605
2403.09583
2403.10762
2403.11863
2403.12273
2403.12533
2403.12761
2403.12853
2403.13198
2403.13801
2403.15369
2403.15637
2403.15834
2403.16730
2403.18062
2403.18778
2403.19336
2403.20097
2404.00318
2404.00413
2404.02018
2404.02318
2404.03275
2404.03570
2404.03891
2404.04066
2404.04929
2404.05134
2404.05291
2404.06413
2404.06645
2404.11027
2404.11267
2404.13191
2404.14547
2404.15194
2405.01534
2405.05226
2405.05872
2405.06039
2405.07162
2405.07474
2405.08216
2405.11380
2405.13751
2405.14314
2405.15646
2405.16021
2405.17846
2405.19758
2405.20189
2406.00006
2406.00430
2406.00965
2406.01309
2406.01915
2406.03367
2406.03757
2406.05572
2406.05881
2406.08455
2406.08648
2406.09640
2406.09767
2406.09953
2406.11231
2406.12224
2406.13787
2406.14097
2406.14655
2406.16093
2406.16578
2406.17659
2406.18115
2406.18285
2406.19741
2407.00518
2407.00632
2407.05580
2407.05890
2407.06590
2407.07561
2407.10341
2407.11298
2407.13237
2407.14229
2407.16412
2407.17086
2407.19094
2407.20635
2407.20798
2407.21762
2408.01024
2408.01867
2408.02535
2408.06105
2408.07806
2408.07975
2408.08160
2408.08188
2408.08282
2408.11761
2408.14769
2408.16228
2408.17379
2409.01326
2409.02920
2409.03166
2409.03402
2409.03966
2409.05493
2409.08212
2409.08493
2409.08904
2409.09435
2409.10027
2409.10106
2409.10444
2409.11580
2409.11863
2409.11905
2409.12262
2409.12274
2409.13356
2409.13393
2409.14506
2409.14580
2409.15146
2409.15172
2409.15505
2409.16019
2409.16030
2409.16266
2409.16455
2409.16484
2409.17126
2409.17641
2409.17655
2409.19250
2409.19471
2409.20548
2409.20551
2409.20560
2410.00231
2410.01345
2410.02193
2410.02874
2410.03035
2410.03645
2410.06108
2410.06239
2410.06384
2410.06472
2410.06473
2410.07408
2410.08500
2410.08792
2410.09187
2410.09286
2410.10045
2410.11387
2410.11571
2410.11989
2410.12773
2410.13756
2410.13882
2410.14383
2410.14660
2410.14865
2410.15185
2410.15536
2410.15863
2410.16197
2410.16804
2410.16919
2410.17233
2410.19656
2410.20624
2410.20666
2410.20927
2410.21040
2410.22332
2410.23234
2410.23968
2411.00781
2411.01568
2411.01639
2411.02599
2411.05474
2411.06183
2411.06920
2411.08253
2411.09022
2411.10038
2411.10446
2411.11323
2411.11714
2411.13262
2411.15131
2411.17636
2411.18289
2411.18676
2411.18825
2412.01250
2412.01663
2412.01765
2412.04209
2412.05515
2412.06931
2412.07493
2412.08428
2412.10402
2412.10439
2412.13492
2412.14480
2412.15462
2412.19153
2501.03968
2501.05014
2501.06605
2501.06919
2501.08558
2501.09307
2501.09783
2501.15214
2501.15901
2501.16300
2501.18516
2501.18733
2501.19259
2502.00931
2502.01071
2502.04692
2502.08643
2502.08903
2502.10090
2502.12498
2502.12531
2502.12599
2502.12862
2502.16707
2502.17034
2503.00283
2503.00527
2503.00729
2503.01616
2503.01700
2503.02454
2503.02465
2503.02698
2503.02748
2503.03911
2503.04280
2503.04557
2503.05064
2503.06060
2503.06791
2503.07317
2503.07902
2503.08084
2503.08338
2503.08508
2503.09335
2503.09758
2503.10049
2503.10069
2503.10110
2503.10546
2503.13055
2503.13082
2503.13250
2503.15202
2503.15707
2503.16492
2503.17125
2503.17309
2503.17566
2503.18349
2503.19007
2503.20208
2503.21564
2503.21969
2503.22122
2503.22942
2503.23348
2503.23601
2503.23875
2504.03015
2504.04191
2504.04578
2504.07596
2504.09532
2504.09893
2504.09997
2504.10011
2504.10030
2504.12755
2504.13059
2504.13351
2504.15600
2504.17748
2504.20459
2504.21596
2504.21716
2504.21769
2505.00091
2505.00527
2505.00693
2505.01862
2505.01931
2505.02123
2505.02483
2505.03035
2505.03725
2505.05622
2505.07815
2505.08367
2505.09108
2505.09477
2505.09731
2505.10547
2505.14899
2505.18214
2505.20424
2505.20573
2505.20718
2505.20828
2505.21981
2505.22092
2505.22804
2505.23450
2506.00075
2506.00123
2506.00276
2506.01538
2506.02507
2506.03270
2506.03760
2506.04217
2506.04500
2506.05020
2506.06683
2506.06862
2506.07062
2506.07454
2506.07509
2506.10093
2506.10106
2506.12248
2506.14727
2506.15096
2506.15828
2506.16652
2506.17328
2506.17462
2506.17486
2506.19212
2506.19498
2506.21030
2506.21627
2506.22028
2506.22827
2507.01485
2507.01930
2507.02256
2507.04524
2507.05607
2507.06747
2507.12753
2507.12846
2507.13729
2507.14975
2507.16068
2507.16713
2507.17294
2507.18033
2507.18276
2507.19854
2507.19983
2507.20509
2507.20622
2507.21545
2507.22896
2507.23735
2508.02629
2508.02962
2508.04678
2508.04931
2508.05298
2508.05535
2508.06554
2508.07421
2508.08240
2508.08983
2508.10378
2508.11918
2508.14387
2508.15021
2508.15501
2508.17260
2508.19074
2509.00570
2509.02163
2509.02324
2509.05042
2509.05338
2509.05368
2509.06031
2509.07445
2509.08820
2509.10317
2509.11617
2509.12838
2509.13368
2509.13666
2509.13903
2509.14380
2509.14412
2509.16136
2509.16176
2509.16611
2509.16615
2509.16998
2509.17666
2509.18384
2509.18597
2509.18937
2509.19571
2509.20070
2509.21189
2509.21370
2509.21543
2509.21928
2509.22628
2509.22653
2509.24160
2509.24163
2509.24219
2509.24413
2509.24524
2510.00154
2510.00167
2510.00259
2510.00922
2510.01869
2510.02104
2510.04774
2510.05547
2510.06207
2510.06357
2510.07417
2510.07975
2510.08572
2510.09963
2510.10379
2510.10637
2510.11660
2510.14902
2510.16344
2510.17576
2510.19268
2510.19752
2510.20310
2510.21302
2510.22235
2510.22784
2510.24109
2510.25548
2510.25850
2510.26139
2510.26536
2510.26915
2510.27558
2511.00041
2511.00917
2511.01472
2511.01791
2511.02162
2511.03075
2511.04769
2511.05203
2511.05680
2511.05855
2511.05889
2511.06575
2511.07727
2511.11052
2511.13765
2511.14004
2511.16048
2511.17225
2511.18270
2511.19355
2511.20330
2511.20841
2511.22354
2511.22364
2511.23143
2512.00797
2512.01946
2512.02002
2512.02458
2512.03444
2512.04568
2512.05955
2512.07122
2512.08145
2512.08188
2512.09310
2512.10605
2512.11275
2512.11620
2512.16446
2512.17062
2512.17321
2512.17853
2512.17992
2512.19178
2512.19453
2512.21220
2512.21243
2512.21293
2512.21723
2512.23077
2512.24470
